77,3
77,2
77,1
77,0
76,3
76,2
76,1
76,0
75,3
75,2
75,1
75,0
74,3
74,2
74,1
74,0
73,3
73,2
73,1
73,0
72,6
72,5
72,4
72,3
72,2
72,1
72,0
71,3
71,2
71,1
71,0
70,54
70,53
64,6
64,5
64,4
64,2
64,0
67,2
67,0
67,1
67,3
65,2
65,0
65,1
65,3
66,2
66,0
66,1
66,3
68,2
68,0
68,1
68,3
0,278
69,2
69,0
69,1
69,3
70,52
70,51
70,50
70,49
70,48
70,47
70,46
70,45
70,44
70,43
70,42
70,41
70,40
70,39
70,38
70,37
70,36
70,35
64,1
64,3
3,1
3,3
10,164
10,270
10,176
10,272
10,232
10,104
10,304
11,16
11,6
11,12
11,14
11,28
11,24
11,2
11,3
9,7
9,4
